0.0
50.2857142857
59.4285714286
50.2857142857
38.8571428571
96.0
27.7333333333
183.466666667
80.0
98.1333333333
66.1333333333
101.333333333
67.2
32.0
107.733333333
108.8
72.5333333333
35.2
165.333333333
82.1333333333
86.4
227.2
45.8666666667
96.0
146.133333333
48.0
99.2
48.0
152.533333333
155.733333333
102.4
48.0
218.666666667
108.8
53.3333333333
55.4666666667
118.4
121.6
124.8
112.0
64.0
64.0
130.133333333
132.266666667
133.333333333
64.0
64.0
135.466666667
137.6
67.2
218.666666667
71.4666666667
149.333333333
75.7333333333
156.8
160.0
323.2
244.266666667
80.0
80.0
80.0
166.4
80.0
80.0
259.2
83.2
176.0
270.933333333
274.133333333
91.7333333333
93.8666666667
192.0
192.0
96.0
194.133333333
96.0
298.666666667
96.0
96.0
96.0
306.133333333
99.2
101.333333333
211.2
214.4
107.733333333
109.866666667
112.0
112.0
340.266666667
112.0
112.0
229.333333333
112.0
112.0
112.0
112.0
237.866666667
362.666666667
119.466666667
121.6
123.733333333
252.8
256.0
128.0
128.0
259.2
128.0
128.0
128.0
263.466666667
128.0
130.133333333
270.933333333
272.0
135.466666667
135.466666667
139.733333333
427.733333333
144.0
144.0
144.0
437.333333333
144.0
293.333333333
144.0
144.0
144.0
146.133333333
147.2
150.4
151.466666667
311.466666667
155.733333333
157.866666667
160.0
160.0
160.0
648.533333333
488.533333333
324.266666667
160.0
326.4
160.0
499.2
164.266666667
509.866666667
167.466666667
169.6
171.733333333
523.733333333
176.0
176.0
176.0
176.0
176.0
176.0
176.0
359.466666667
176.0
178.133333333
179.2
182.4
183.466666667
374.4
187.733333333
190.933333333
192.0
192.0
192.0
192.0
192.0
586.666666667
192.0
192.0
192.0
194.133333333
196.266666667
197.333333333
199.466666667
201.6
203.733333333
412.8
192.0
208.0
208.0
208.0
208.0
208.0
208.0
208.0
423.466666667
210.133333333
428.8
433.066666667
216.533333333
218.666666667
220.8
222.933333333
224.0
449.066666667
224.0
224.0
224.0
224.0
224.0
224.0
224.0
458.666666667
228.266666667
231.466666667
233.6
233.6
235.733333333
238.933333333
240.0
240.0
240.0
726.4
484.266666667
973.866666667
486.4
734.933333333
242.133333333
242.133333333
244.266666667
499.2
247.466666667
250.666666667
507.733333333
256.0
512.0
256.0
256.0
256.0
256.0
256.0
256.0
256.0
256.0
259.2
262.4
262.4
265.6
539.733333333
268.8
544.0
272.0
272.0
272.0
546.133333333
272.0
272.0
272.0
829.866666667
273.066666667
837.333333333
272.0
280.533333333
280.533333333
283.733333333
283.733333333
576.0
288.0
288.0
288.0
288.0
288.0
288.0
288.0
288.0
291.2
588.8
295.466666667
295.466666667
295.466666667
600.533333333
298.666666667
304.0
304.0
304.0
304.0
612.266666667
304.0
304.0
304.0
305.066666667
305.066666667
309.333333333
309.333333333
624.0
313.6
630.4
318.933333333
318.933333333
320.0
320.0
320.0
320.0
320.0
320.0
646.4
321.066666667
649.6
321.066666667
326.4
326.4
331.733333333
331.733333333
331.733333333
336.0
336.0
336.0
675.2
336.0
336.0
336.0
680.533333333
336.0
336.0
341.333333333
341.333333333
341.333333333
347.733333333
347.733333333
347.733333333
352.0
352.0
352.0
352.0
352.0
352.0
352.0
352.0
354.133333333
354.133333333
354.133333333
360.533333333
360.533333333
360.533333333
365.866666667
732.8
731.733333333
368.0
738.133333333
368.0
368.0
368.0
741.333333333
368.0
368.0
368.0
755.2
375.466666667
375.466666667
375.466666667
381.866666667
381.866666667
381.866666667
384.0
769.066666667
384.0
384.0
384.0
384.0
384.0
387.2
387.2
780.8
789.333333333
393.6
393.6
393.6
400.0
400.0
400.0
400.0
400.0
1208.53333333
400.0
400.0
400.0
400.0
400.0
407.466666667
407.466666667
407.466666667
407.466666667
400.0
816.0
400.0
400.0
835.2
416.0
416.0
416.0
839.466666667
416.0
416.0
416.0
423.466666667
423.466666667
423.466666667
423.466666667
864.0
432.0
864.0
432.0
432.0
432.0
432.0
432.0
873.6
433.066666667
433.066666667
433.066666667
873.6
442.666666667
442.666666667
442.666666667
442.666666667
448.0
448.0
448.0
448.0
448.0
448.0
448.0
448.0
448.0
454.4
454.4
454.4
454.4
454.4
464.0
464.0
464.0
464.0
464.0
464.0
464.0
464.0
464.0
932.266666667
468.266666667
468.266666667
468.266666667
468.266666667
468.266666667
477.866666667
477.866666667
477.866666667
477.866666667
477.866666667
480.0
480.0
480.0
480.0
480.0
483.2
483.2
483.2
483.2
483.2
483.2
493.866666667
987.733333333
493.866666667
493.866666667
493.866666667
496.0
496.0
496.0
496.0
496.0
496.0
501.333333333
501.333333333
501.333333333
501.333333333
501.333333333
1025.06666667
512.0
512.0
512.0
512.0
1024.0
1029.33333333
512.0
512.0
512.0
512.0
512.0
521.6
521.6
521.6
521.6
520.533333333
521.6
1571.2
528.0
528.0
528.0
528.0
528.0
528.0
531.2
531.2
531.2
531.2
531.2
531.2
1088.0
544.0
544.0
544.0
544.0
544.0
544.0
544.0
544.0
544.0
544.0
544.0
544.0
544.0
555.733333333
1112.53333333
554.666666667
555.733333333
555.733333333
555.733333333
555.733333333
560.0
560.0
560.0
1125.33333333
560.0
560.0
560.0
567.466666667
567.466666667
567.466666667
567.466666667
567.466666667
567.466666667
567.466666667
576.0
576.0
576.0
576.0
1156.26666667
576.0
576.0
576.0
583.466666667
583.466666667
583.466666667
583.466666667
583.466666667
583.466666667
583.466666667
583.466666667
592.0
592.0
1187.2
592.0
592.0
592.0
592.0
598.4
598.4
598.4
598.4
598.4
598.4
598.4
598.4
598.4
608.0
608.0
608.0
608.0
608.0
608.0
608.0
608.0
617.6
617.6
617.6
617.6
617.6
617.6
617.6
617.6
1238.4
624.0
1253.33333333
624.0
624.0
624.0
624.0
624.0
624.0
624.0
637.866666667
637.866666667
637.866666667
1275.73333333
637.866666667
637.866666667
637.866666667
637.866666667
637.866666667
640.0
640.0
640.0
640.0
640.0
640.0
640.0
1288.53333333
640.0
656.0
656.0
656.0
656.0
656.0
656.0
656.0
1314.13333333
656.0
656.0
662.4
662.4
662.4
662.4
662.4
662.4
662.4
662.4
662.4
662.4
672.0
672.0
672.0
672.0
672.0
672.0
1350.4
672.0
672.0
672.0
1377.06666667
688.0
688.0
688.0
1376.0
688.0
688.0
688.0
688.0
688.0
688.0
695.466666667
695.466666667
695.466666667
695.466666667
695.466666667
695.466666667
695.466666667
695.466666667
695.466666667
695.466666667
695.466666667
704.0
704.0
704.0
704.0
704.0
704.0
704.0
704.0
704.0
704.0
704.0
720.0
720.0
720.0
720.0
720.0
720.0
720.0
720.0
720.0
720.0
720.0
732.8
732.8
732.8
732.8
732.8
732.8
731.733333333
732.8
732.8
1467.73333333
732.8
1466.66666667
2202.66666667
742.4
742.4
742.4
742.4
742.4
1489.06666667
742.4
742.4
742.4
742.4
1489.06666667
742.4
752.0
752.0
752.0
752.0
752.0
752.0
1512.53333333
752.0
752.0
752.0
752.0
752.0
752.0
768.0
768.0
768.0
768.0
768.0
768.0
768.0
768.0
768.0
768.0
768.0
768.0
768.0
784.0
784.0
784.0
784.0
784.0
784.0
784.0
784.0
784.0
784.0
784.0
784.0
784.0
784.0
800.0
800.0
800.0
800.0
800.0
800.0
800.0
800.0
800.0
800.0
800.0
800.0
800.0
800.0
816.0
1632.0
816.0
816.0
1632.0
816.0
816.0
816.0
816.0
816.0
816.0
816.0
816.0
816.0
816.0
816.0
816.0
816.0
816.0
816.0
816.0
816.0
816.0
1648.0
816.0
1648.0
816.0
816.0
816.0
816.0
816.0
832.0
832.0
832.0
832.0
1680.0
832.0
832.0
832.0
832.0
832.0
832.0
832.0
832.0
832.0
832.0
832.0
864.0
864.0
864.0
864.0
864.0
864.0
864.0
864.0
864.0
864.0
864.0
864.0
864.0
1728.0
864.0
864.0
880.0
880.0
880.0
880.0
880.0
880.0
880.0
880.0
880.0
1762.13333333
880.0
880.0
880.0
880.0
880.0
880.0
880.0
880.0
896.0
896.0
896.0
896.0
896.0
896.0
896.0
896.0
896.0
896.0
896.0
896.0
896.0
896.0
896.0
896.0
1796.26666667
896.0
912.0
912.0
912.0
912.0
912.0
912.0
912.0
912.0
912.0
912.0
912.0
912.0
912.0
912.0
912.0
912.0
912.0
912.0
932.266666667
932.266666667
1869.86666667
932.266666667
932.266666667
932.266666667
932.266666667
932.266666667
932.266666667
932.266666667
932.266666667
932.266666667
932.266666667
932.266666667
932.266666667
932.266666667
932.266666667
932.266666667
932.266666667
932.266666667
956.8
956.8
956.8
956.8
956.8
956.8
1913.6
956.8
956.8
956.8
1913.6
956.8
1913.6
956.8
956.8
956.8
956.8
956.8
956.8
956.8
976.0
976.0
976.0
976.0
976.0
976.0
976.0
976.0
976.0
976.0
976.0
976.0
976.0
976.0
976.0
976.0
976.0
976.0
976.0
976.0
976.0
976.0
995.2
995.2
995.2
995.2
995.2
995.2
995.2
995.2
995.2
995.2
995.2
995.2
995.2
995.2
995.2
995.2
995.2
995.2
995.2
995.2
995.2
995.2
1024.0
1024.0
1024.0
1024.0
1024.0
1024.0
1024.0
1024.0
1024.0
1024.0
1024.0
1024.0
1024.0
1024.0
1024.0
1024.0
1024.0
1024.0
1024.0
1024.0
1024.0
2049.06666667
1024.0
2091.73333333
1043.2
1043.2
2092.8
1043.2
1043.2
1043.2
1043.2
1043.2
1043.2
1043.2
1043.2
1043.2
1043.2
1043.2
1043.2
1043.2
1043.2
1043.2
1043.2
1043.2
1043.2
1043.2
1043.2
1043.2
1072.0
1072.0
1072.0
1072.0
1072.0
1072.0
1072.0
1072.0
1072.0
1072.0
1072.0
1072.0
1072.0
1072.0
1072.0
1072.0
1072.0
1072.0
1072.0
1072.0
1072.0
1072.0
1072.0
1072.0
1072.0
2198.4
1098.66666667
1098.66666667
1098.66666667
1098.66666667
1098.66666667
1098.66666667
1098.66666667
1098.66666667
1098.66666667
1098.66666667
1098.66666667
1098.66666667
1098.66666667
1098.66666667
1098.66666667
1098.66666667
1098.66666667
1098.66666667
1098.66666667
1098.66666667
1098.66666667
1098.66666667
1098.66666667
1098.66666667
2198.4
1098.66666667
1120.0
1120.0
1120.0
1120.0
2250.66666667
1120.0
1120.0
1120.0
1120.0
1120.0
1120.0
1120.0
1120.0
1120.0
1120.0
1120.0
1120.0
1120.0
1120.0
1120.0
1120.0
1120.0
1120.0
1120.0
1120.0
1120.0
1120.0
1120.0
1152.0
1152.0
1152.0
1152.0
1152.0
1152.0
1152.0
1152.0
1152.0
1152.0
1152.0
1152.0
1152.0
1152.0
1152.0
1152.0
1152.0
1152.0
1152.0
1152.0
1152.0
1152.0
1152.0
1152.0
1152.0
1152.0
2312.53333333
1152.0
1152.0
1152.0
1184.0
1184.0
1184.0
1184.0
1184.0
1184.0
1184.0
1184.0
1184.0
1184.0
1184.0
1184.0
1184.0
1184.0
1184.0
1184.0
1184.0
1184.0
2375.46666667
1184.0
2375.46666667
1184.0
1184.0
1184.0
1184.0
1184.0
1184.0
1184.0
1184.0
1184.0
1184.0
1216.0
1216.0
1216.0
1216.0
1216.0
1216.0
1216.0
1216.0
1216.0
1216.0
1216.0
1216.0
1216.0
1216.0
1216.0
1216.0
1216.0
1216.0
1216.0
1216.0
1216.0
1216.0
1216.0
1216.0
1216.0
1216.0
1216.0
1216.0
1216.0
1216.0
1216.0
1216.0
1216.0
3665.06666667
1255.46666667
1255.46666667
1255.46666667
1255.46666667
1255.46666667
1255.46666667
1255.46666667
1255.46666667
1255.46666667
1255.46666667
1255.46666667
1255.46666667
1255.46666667
1255.46666667
1255.46666667
1255.46666667
2515.2
1255.46666667
1255.46666667
1255.46666667
1255.46666667
1255.46666667
1255.46666667
1255.46666667
1255.46666667
2514.13333333
1255.46666667
1255.46666667
1255.46666667
1255.46666667
1255.46666667
1255.46666667
1255.46666667
1255.46666667
1255.46666667
1296.0
1296.0
1296.0
1296.0
1296.0
1296.0
1296.0
1296.0
1296.0
1296.0
2592.0
1296.0
1296.0
1296.0
1296.0
1296.0
1296.0
1296.0
1296.0
1296.0
1296.0
1296.0
2592.0
1296.0
1296.0
1296.0
1296.0
1296.0
1296.0
1296.0
1296.0
1296.0
1296.0
2592.0
1296.0
1296.0
1296.0
1328.0
1328.0
1328.0
1328.0
1328.0
1328.0
1328.0
1328.0
1328.0
1328.0
1328.0
1328.0
1328.0
2664.53333333
1328.0
1328.0
1328.0
1328.0
1328.0
1328.0
1328.0
1328.0
1328.0
1328.0
1328.0
2663.46666667
1328.0
1328.0
1328.0
1328.0
1328.0
1328.0
1328.0
1328.0
1328.0
1328.0
1328.0
1328.0
1328.0
1376.0
1376.0
1376.0
1376.0
1376.0
1376.0
1376.0
1376.0
1376.0
1376.0
1376.0
1376.0
1376.0
1376.0
1376.0
1376.0
1376.0
1376.0
1376.0
1376.0
1376.0
1376.0
1376.0
1376.0
1376.0
1376.0
1376.0
1376.0
1376.0
1376.0
2754.13333333
1376.0
1376.0
1376.0
1376.0
1376.0
1376.0
1376.0
1376.0
1376.0
1376.0
1376.0
1419.73333333
1419.73333333
1419.73333333
1419.73333333
1419.73333333
1419.73333333
1419.73333333
1419.73333333
1419.73333333
1419.73333333
1419.73333333
1419.73333333
1419.73333333
1419.73333333
1419.73333333
1419.73333333
1419.73333333
1419.73333333
1419.73333333
1419.73333333
1419.73333333
1419.73333333
1419.73333333
1419.73333333
1419.73333333
1419.73333333
1419.73333333
1419.73333333
1419.73333333
1419.73333333
1419.73333333
1419.73333333
1419.73333333
1419.73333333
1419.73333333
1419.73333333
1419.73333333
1419.73333333
2840.53333333
1419.73333333
1419.73333333
1419.73333333
1419.73333333
1419.73333333
1465.6
1465.6
1465.6
1465.6
1465.6
1465.6
1465.6
1465.6
1465.6
1465.6
1465.6
1465.6
1465.6
1465.6
1465.6
1465.6
1465.6
1465.6
1465.6
1465.6
1465.6
1465.6
1465.6
1465.6
2934.4
1465.6
1465.6
1465.6
1465.6
1465.6
1465.6
1465.6
1465.6
1465.6
1465.6
1465.6
1465.6
1465.6
1465.6
1465.6
1465.6
1465.6
1465.6
1465.6
1465.6
2934.4
1465.6
1465.6
1520.0
1520.0
1520.0
1520.0
1520.0
1520.0
1520.0
1520.0
1520.0
1520.0
1520.0
1520.0
1520.0
1520.0
1520.0
1520.0
1520.0
1520.0
1520.0
1520.0
1520.0
3040.0
1520.0
1520.0
1520.0
1520.0
1520.0
1520.0
1520.0
1520.0
1520.0
1520.0
1520.0
1520.0
1520.0
1520.0
1520.0
1520.0
1520.0
1520.0
1520.0
1520.0
1520.0
1520.0
1520.0
1520.0
1520.0
1520.0
1520.0
1520.0
3142.4
1568.0
1568.0
1568.0
1568.0
1568.0
1568.0
1568.0
1568.0
1568.0
1568.0
1568.0
1568.0
1568.0
1568.0
1568.0
1568.0
1568.0
1568.0
1568.0
1568.0
1568.0
1568.0
1568.0
1568.0
1568.0
1568.0
1568.0
1568.0
1568.0
1568.0
1568.0
1568.0
1568.0
1568.0
1568.0
1568.0
1568.0
1568.0
1568.0
1568.0
1568.0
1568.0
1568.0
1568.0
1568.0
1568.0
1568.0
1568.0
1568.0
1568.0
1568.0
1568.0
1568.0
3142.4
1632.0
1632.0
1632.0
1632.0
1632.0
1632.0
1632.0
1632.0
1632.0
1632.0
1632.0
1632.0
1632.0
1632.0
1632.0
1632.0
1632.0
1632.0
1632.0
1632.0
1632.0
1632.0
1632.0
1632.0
1632.0
1632.0
1632.0
1632.0
1632.0
1632.0
1632.0
1632.0
1632.0
1632.0
1632.0
1632.0
1632.0
1632.0
1632.0
1632.0
1632.0
3264.0
1632.0
1632.0
1632.0
1632.0
1632.0
1632.0
1632.0
1632.0
1632.0
1632.0
1632.0
1632.0
1632.0
1632.0
1632.0
1632.0
1680.0
1680.0
1680.0
1680.0
1680.0
1680.0
1680.0
1680.0
1680.0
1680.0
1680.0
1680.0
1680.0
1680.0
1680.0
1680.0
1680.0
1680.0
1680.0
1680.0
3376.0
1680.0
1680.0
3376.0
1680.0
1680.0
1680.0
1680.0
1680.0
1680.0
1680.0
1680.0
1680.0
1680.0
1680.0
1680.0
1680.0
1680.0
1680.0
1680.0
1680.0
1680.0
1680.0
1680.0
1680.0
1680.0
1680.0
1680.0
1680.0
1680.0
1680.0
1680.0
1680.0
1680.0
1680.0
1680.0
1680.0
1680.0
1680.0
1680.0
1680.0
1680.0
1680.0
1760.0
1760.0
1760.0
1760.0
1760.0
1760.0
1760.0
1760.0
1760.0
1760.0
1760.0
1760.0
1760.0
1760.0
1760.0
1760.0
1760.0
1760.0
1760.0
1760.0
1760.0
1760.0
1760.0
1760.0
1760.0
1760.0
1760.0
3522.13333333
1760.0
1760.0
1760.0
1760.0
1760.0
1760.0
1760.0
1760.0
1760.0
1760.0
1760.0
1760.0
1760.0
1760.0
1760.0
1760.0
1760.0
1760.0
1760.0
1760.0
1760.0
1760.0
1760.0
1760.0
1760.0
1760.0
1760.0
1760.0
1760.0
1760.0
1760.0
1760.0
1760.0
1760.0
1760.0
1760.0
1760.0
1760.0
1760.0
1760.0
1831.46666667
1831.46666667
1831.46666667
1831.46666667
1831.46666667
1831.46666667
1831.46666667
1831.46666667
1831.46666667
1831.46666667
1831.46666667
1831.46666667
1831.46666667
1831.46666667
1831.46666667
1831.46666667
1831.46666667
1831.46666667
3668.26666667
1831.46666667
1831.46666667
1831.46666667
1831.46666667
1831.46666667
1831.46666667
1831.46666667
1831.46666667
1831.46666667
1831.46666667
1831.46666667
1831.46666667
1831.46666667
1831.46666667
1831.46666667
1831.46666667
1831.46666667
1831.46666667
1831.46666667
1831.46666667
1831.46666667
1831.46666667
1831.46666667
1831.46666667
1831.46666667
1831.46666667
1831.46666667
1831.46666667
1831.46666667
1831.46666667
1831.46666667
1831.46666667
1831.46666667
1831.46666667
1831.46666667
1831.46666667
1831.46666667
1831.46666667
1831.46666667
1831.46666667
1831.46666667
1831.46666667
1831.46666667
1831.46666667
1831.46666667
1831.46666667
1831.46666667
1831.46666667
1831.46666667
1831.46666667
1831.46666667
1831.46666667
1831.46666667
1831.46666667
1913.6
1913.6
1913.6
1913.6
1913.6
1913.6
1913.6
1913.6
1913.6
1913.6
1913.6
1913.6
1913.6
1913.6
1913.6
1913.6
1913.6
1913.6
1913.6
1913.6
1913.6
1913.6
1913.6
1913.6
1913.6
1913.6
1913.6
1913.6
1913.6
1913.6
1913.6
1913.6
1913.6
1913.6
1913.6
1913.6
1913.6
1913.6
1913.6
1913.6
1913.6
1913.6
1913.6
1913.6
1913.6
1913.6
1913.6
1913.6
1913.6
1913.6
1913.6
1913.6
1913.6
1913.6
1913.6
1913.6
1913.6
1913.6
1913.6
1913.6
1913.6
1913.6
1913.6
1913.6
3829.33333333
1913.6
1913.6
1913.6
1913.6
1913.6
1913.6
1913.6
1913.6
1913.6
1913.6
1913.6
1913.6
1913.6
1913.6
1913.6
2000.0
2000.0
2000.0
2000.0
2000.0
2000.0
2000.0
2000.0
2000.0
2000.0
2000.0
2000.0
2000.0
2000.0
2000.0
2000.0
2000.0
2000.0
2000.0
2000.0
2000.0
2000.0
2000.0
2000.0
2000.0
2000.0
2000.0
2000.0
2000.0
2000.0
2000.0
2000.0
2000.0
2000.0
2000.0
2000.0
2000.0
2000.0
2000.0
2000.0
2000.0
2000.0
2000.0
2000.0
2000.0
2000.0
2000.0
2000.0
2000.0
2000.0
2000.0
2000.0
2000.0
2000.0
2000.0
2000.0
2000.0
2000.0
2000.0
2000.0
2000.0
2000.0
2000.0
2000.0
2000.0
2000.0
2000.0
2000.0
2000.0
2000.0
2000.0
2000.0
2000.0
2000.0
2000.0
2000.0
2000.0
2000.0
2000.0
2000.0
2000.0
2000.0
2000.0
2000.0
2000.0
2000.0
2000.0
2096.0
2096.0
2096.0
2096.0
2096.0
2096.0
2096.0
2096.0
2096.0
2096.0
2096.0
2096.0
2096.0
2096.0
2096.0
2096.0
2096.0
2096.0
2096.0
2096.0
2096.0
2096.0
2096.0
2096.0
4194.13333333
2096.0
2096.0
2096.0
2096.0
2096.0
2096.0
2096.0
2096.0
2096.0
2096.0
2096.0
4194.13333333
2096.0
2096.0
2096.0
2096.0
2096.0
2096.0
2096.0
4194.13333333
2096.0
2096.0
2096.0
2096.0
2096.0
2096.0
2096.0
2096.0
2096.0
2096.0
2096.0
2096.0
2096.0
2096.0
2096.0
2096.0
2096.0
2096.0
2096.0
2096.0
2096.0
2096.0
2096.0
2096.0
2096.0
2096.0
2096.0
2096.0
2096.0
2096.0
2096.0
2096.0
2096.0
2096.0
2096.0
2096.0
2096.0
2096.0
2096.0
2096.0
2096.0
2096.0
2096.0
2096.0
2096.0
2096.0
2096.0
2096.0
2096.0
2096.0
2096.0
2198.4
2198.4
2198.4
2198.4
2198.4
2198.4
2198.4
2198.4
2198.4
2198.4
2198.4
2198.4
2198.4
2198.4
2198.4
2198.4
2198.4
2198.4
2198.4
2198.4
2198.4
2198.4
2198.4
2198.4
2198.4
2198.4
2198.4
2198.4
2198.4
2198.4
2198.4
2198.4
2198.4
2198.4
2198.4
2198.4
2198.4
2198.4
2198.4
2198.4
2198.4
2198.4
2198.4
2198.4
2198.4
2198.4
2198.4
2198.4
2198.4
2198.4
2198.4
2198.4
2198.4
2198.4
2198.4
2198.4
2198.4
2198.4
2198.4
2198.4
2198.4
2198.4
2198.4
2198.4
2198.4
2198.4
4403.2
2198.4
2198.4
2198.4
2198.4
2198.4
2198.4
2198.4
2198.4
2198.4
2198.4
2198.4
2198.4
2198.4
2198.4
2198.4
2198.4
2198.4
2198.4
2198.4
2198.4
2198.4
2198.4
2198.4
2198.4
2198.4
2198.4
2198.4
2198.4
2198.4
2198.4
2198.4
2198.4
2198.4
2198.4
4400.0
2198.4
2198.4
4403.2
2320.0
2320.0
2320.0
2320.0
2320.0
2320.0
2320.0
2320.0
2320.0
2320.0
2320.0
2320.0
2320.0
2320.0
2320.0
2320.0
2320.0
4640.0
2320.0
2320.0
2320.0
2320.0
2320.0
2320.0
2320.0
2320.0
2320.0
2320.0
2320.0
2320.0
2320.0
2320.0
2320.0
2320.0
2320.0
2320.0
2320.0
2320.0
2320.0
2320.0
2320.0
2320.0
2320.0
2320.0
2320.0
2320.0
2320.0
2320.0
2320.0
2320.0
2320.0
2320.0
2320.0
2320.0
2320.0
2320.0
2320.0
2320.0
2320.0
2320.0
2320.0
2320.0
2320.0
2320.0
2320.0
2320.0
2320.0
2320.0
2320.0
2320.0
2320.0
2320.0
2320.0
2320.0
2320.0
2320.0
2320.0
2320.0
2320.0
2320.0
2320.0
2320.0
2320.0
2320.0
2320.0
2320.0
2320.0
2320.0
2320.0
2320.0
2320.0
2320.0
2320.0
2320.0
2320.0
2320.0
2320.0
2320.0
2320.0
2320.0
2320.0
2320.0
2320.0
2320.0
2320.0
2320.0
2320.0
2320.0
2320.0
2320.0
2320.0
2320.0
2320.0
2320.0
2320.0
2320.0
2448.0
2448.0
2448.0
2448.0
2448.0
2448.0
2448.0
2448.0
2448.0
2448.0
2448.0
2448.0
2448.0
2448.0
2448.0
2448.0
2448.0
2448.0
2448.0
2448.0
2448.0
2448.0
2448.0
2448.0
2448.0
2448.0
2448.0
2448.0
2448.0
2448.0
2448.0
2448.0
2448.0
2448.0
2448.0
2448.0
2448.0
2448.0
2448.0
2448.0
4896.0
2448.0
2448.0
2448.0
2448.0
2448.0
2448.0
2448.0
2448.0
2448.0
2448.0
2448.0
2448.0
2448.0
2448.0
2448.0
2448.0
2448.0
2448.0
2448.0
2448.0
2448.0
2448.0
2448.0
2448.0
2448.0
2448.0
2448.0
2448.0
2448.0
2448.0
2448.0
2448.0
2448.0
2448.0
2448.0
2448.0
2448.0
2448.0
2448.0
2448.0
2448.0
2448.0
2448.0
2448.0
2448.0
2448.0
4896.0
2448.0
2448.0
2448.0
2448.0
2448.0
2448.0
2448.0
2448.0
2448.0
2448.0
2448.0
2448.0
2448.0
2448.0
2448.0
2448.0
2448.0
2448.0
2448.0
2448.0
2448.0
2448.0
2448.0
2448.0
2448.0
2448.0
2448.0
2448.0
2448.0
2448.0
2448.0
2448.0
2448.0
2448.0
2448.0
2448.0
2448.0
2448.0
2448.0
2448.0
2448.0
2592.0
2592.0
2592.0
2592.0
2592.0
2592.0
2592.0
2592.0
2592.0
2592.0
2592.0
2592.0
2592.0
2592.0
2592.0
2592.0
2592.0
2592.0
2592.0
2592.0
2592.0
2592.0
2592.0
2592.0
2592.0
2592.0
2592.0
2592.0
2592.0
2592.0
2592.0
2592.0
2592.0
2592.0
2592.0
2592.0
2592.0
2592.0
2592.0
2592.0
2592.0
2592.0
2592.0
2592.0
2592.0
2592.0
2592.0
2592.0
2592.0
2592.0
5184.0
2592.0
2592.0
2592.0
2592.0
2592.0
2592.0
2592.0
2592.0
2592.0
2592.0
2592.0
2592.0
2592.0
2592.0
2592.0
2592.0
2592.0
2592.0
2592.0
2592.0
2592.0
2592.0
2592.0
2592.0
2592.0
2592.0
2592.0
2592.0
2592.0
2592.0
2592.0
2592.0
2592.0
2592.0
2592.0
2592.0
2592.0
2592.0
2592.0
2592.0
2592.0
2592.0
2592.0
2592.0
2592.0
2592.0
2592.0
2592.0
2592.0
2592.0
2592.0
2592.0
2592.0
2592.0
2592.0
2592.0
2592.0
2592.0
2592.0
5184.0
2592.0
2592.0
2592.0
2592.0
2592.0
2592.0
2592.0
2592.0
2592.0
2592.0
2592.0
2592.0
2592.0
2592.0
2592.0
2592.0
2592.0
2592.0
2592.0
2592.0
2592.0
2592.0
2592.0
2592.0
2592.0
2592.0
2592.0
2592.0
2592.0
2592.0
2592.0
2592.0
2592.0
2752.0
2752.0
2752.0
2752.0
2752.0
2752.0
2752.0
2752.0
2752.0
2752.0
2752.0
2752.0
2752.0
2752.0
2752.0
2752.0
2752.0
2752.0
2752.0
2752.0
2752.0
2752.0
2752.0
2752.0
2752.0
2752.0
2752.0
2752.0
2752.0
2752.0
2752.0
2752.0
2752.0
2752.0
2752.0
2752.0
2752.0
2752.0
2752.0
2752.0
2752.0
2752.0
2752.0
2752.0
2752.0
2752.0
2752.0
2752.0
2752.0
2752.0
2752.0
2752.0
2752.0
2752.0
2752.0
2752.0
2752.0
2752.0
2752.0
2752.0
2752.0
2752.0
2752.0
2752.0
2752.0
2752.0
2752.0
2752.0
2752.0
2752.0
2752.0
2752.0
2752.0
2752.0
2752.0
2752.0
2752.0
2752.0
2752.0
2752.0
2752.0
2752.0
2752.0
2752.0
2752.0
2752.0
2752.0
2752.0
2752.0
2752.0
2752.0
2752.0
2752.0
2752.0
2752.0
2752.0
2752.0
2752.0
2752.0
2752.0
2752.0
2752.0
2752.0
2752.0
2752.0
2752.0
2752.0
2752.0
2752.0
2752.0
2752.0
2752.0
2752.0
2752.0
2752.0
2752.0
2752.0
2752.0
2752.0
2752.0
2752.0
2752.0
2752.0
2752.0
2752.0
2752.0
2752.0
2752.0
2752.0
2752.0
2752.0
2752.0
2752.0
2752.0
2752.0
2752.0
2752.0
2752.0
2752.0
2752.0
2752.0
2752.0
2752.0
2752.0
2752.0
2752.0
2752.0
2752.0
2752.0
2752.0
2752.0
2752.0
2752.0
2752.0
2752.0
2752.0
2752.0
2752.0
5508.26666667
2752.0
2752.0
2752.0
2933.33333333
2933.33333333
5872.0
2933.33333333
2933.33333333
2933.33333333
5872.0
2933.33333333
2933.33333333
2933.33333333
2933.33333333
2933.33333333
2933.33333333
2933.33333333
2933.33333333
2933.33333333
2933.33333333
2933.33333333
2933.33333333
2933.33333333
2933.33333333
2933.33333333
2933.33333333
2933.33333333
2933.33333333
2933.33333333
2933.33333333
2933.33333333
2933.33333333
2933.33333333
2933.33333333
2933.33333333
2933.33333333
2933.33333333
2933.33333333
2933.33333333
2933.33333333
2933.33333333
2933.33333333
2933.33333333
2933.33333333
2933.33333333
2933.33333333
2933.33333333
2933.33333333
2933.33333333
2933.33333333
2933.33333333
2933.33333333
2933.33333333
2933.33333333
2933.33333333
2933.33333333
2933.33333333
2933.33333333
2933.33333333
2933.33333333
2933.33333333
2933.33333333
2933.33333333
2933.33333333
2933.33333333
2933.33333333
2933.33333333
2933.33333333
2933.33333333
2933.33333333
2933.33333333
2933.33333333
2933.33333333
2933.33333333
2933.33333333
2933.33333333
2933.33333333
2933.33333333
2933.33333333
2933.33333333
5872.0
2933.33333333
2933.33333333
2933.33333333
2933.33333333
2933.33333333
2933.33333333
2933.33333333
2933.33333333
2933.33333333
2933.33333333
2933.33333333
2933.33333333
5873.06666667
2933.33333333
2933.33333333
2933.33333333
2933.33333333
2933.33333333
2933.33333333
2933.33333333
2933.33333333
2933.33333333
2933.33333333
2933.33333333
2933.33333333
2933.33333333
2933.33333333
2933.33333333
2933.33333333
2933.33333333
2933.33333333
2933.33333333
2933.33333333
2933.33333333
2933.33333333
2933.33333333
2933.33333333
2933.33333333
2933.33333333
2933.33333333
2933.33333333
2933.33333333
2933.33333333
2933.33333333
2933.33333333
2933.33333333
2933.33333333
2933.33333333
2933.33333333
2933.33333333
2933.33333333
2933.33333333
2933.33333333
2933.33333333
2933.33333333
2933.33333333
2933.33333333
2933.33333333
2933.33333333
5873.06666667
2933.33333333
2933.33333333
2933.33333333
2933.33333333
2933.33333333
2933.33333333
2933.33333333
2933.33333333
2933.33333333
2933.33333333
2933.33333333
2933.33333333
2933.33333333
2933.33333333
2933.33333333
2933.33333333
2933.33333333
2933.33333333
2933.33333333
2933.33333333
2933.33333333
2933.33333333
2933.33333333
2933.33333333
2933.33333333
2933.33333333
2933.33333333
2933.33333333
2933.33333333
2933.33333333
2933.33333333
2933.33333333
2933.33333333
2933.33333333
2933.33333333
2933.33333333
2933.33333333
2933.33333333
2933.33333333
2933.33333333
2933.33333333
5873.06666667
2933.33333333
2933.33333333
2933.33333333
2933.33333333
3142.4
3142.4
3142.4
3142.4
3142.4
3142.4
3144.53333333
3142.4
3142.4
3142.4
3142.4
3142.4
3142.4
3142.4
3142.4
3142.4
3142.4
3142.4
3142.4
3142.4
3142.4
3142.4
3142.4
3142.4
3142.4
3142.4
3142.4
3142.4
3142.4
3142.4
3142.4
3142.4
3142.4
3142.4
3142.4
3142.4
3142.4
3142.4
3142.4
3142.4
3142.4
3142.4
3144.53333333
3142.4
3142.4
3142.4
3142.4
3142.4
3142.4
3142.4
3142.4
3142.4
3142.4
3142.4
3142.4
3142.4
3142.4
3142.4
3142.4
3142.4
3142.4
3142.4
3142.4
3142.4
3142.4
3142.4
3142.4
3142.4
3142.4
3142.4
3142.4
3142.4
3142.4
3142.4
3142.4
3142.4
3142.4
3142.4
3142.4
3142.4
3142.4
3142.4
3142.4
3142.4
3142.4
3142.4
3142.4
3142.4
3142.4
3142.4
3142.4
3142.4
3142.4
3142.4
3142.4
3142.4
3142.4
3142.4
3142.4
3142.4
3142.4
3142.4
3142.4
3142.4
3142.4
3142.4
3142.4
3142.4
3142.4
3142.4
3142.4
3142.4
3142.4
3142.4
3142.4
3142.4
3142.4
3142.4
3142.4
3142.4
3142.4
3142.4
3142.4
3142.4
3142.4
3142.4
3142.4
3142.4
3142.4
3142.4
3142.4
3142.4
3142.4
3142.4
3142.4
3142.4
3142.4
3142.4
3142.4
3142.4
3142.4
3142.4
3142.4
3142.4
3142.4
3142.4
3142.4
3142.4
3142.4
3142.4
3142.4
3142.4
3142.4
3142.4
3142.4
3142.4
3142.4
3142.4
3142.4
3142.4
3142.4
3142.4
3142.4
3142.4
3142.4
3142.4
3142.4
3142.4
3142.4
3142.4
3142.4
3142.4
3142.4
3142.4
3142.4
3142.4
3142.4
3142.4
3142.4
3142.4
3142.4
3142.4
3142.4
3142.4
3142.4
3142.4
3142.4
3142.4
3142.4
3142.4
3142.4
3142.4
3142.4
3142.4
3142.4
3142.4
3142.4
3142.4
3142.4
3142.4
3142.4
3142.4
3142.4
3142.4
3142.4
3142.4
3142.4
3142.4
3142.4
3142.4
3376.0
3376.0
3376.0
3376.0
3376.0
3376.0
3376.0
3376.0
3376.0
3376.0
3376.0
3376.0
3376.0
3376.0
3376.0
3376.0
3376.0
3376.0
3376.0
3376.0
3376.0
3376.0
3376.0
3376.0
3376.0
3376.0
3376.0
3376.0
3376.0
3376.0
3376.0
3376.0
3376.0
3376.0
3376.0
3376.0
3376.0
3376.0
3376.0
3376.0
3376.0
3376.0
3376.0
3376.0
3376.0
3376.0
3376.0
3376.0
3376.0
3376.0
3376.0
3376.0
3376.0
3376.0
3376.0
3376.0
3376.0
3376.0
3376.0
3376.0
6768.0
3376.0
3376.0
3376.0
3376.0
3376.0
3376.0
3376.0
3376.0
3376.0
3376.0
3376.0
3376.0
3376.0
3376.0
3376.0
3376.0
3376.0
3376.0
3376.0
3376.0
3376.0
3376.0
3376.0
3376.0
3376.0
3376.0
3376.0
3376.0
3376.0
3376.0
3376.0
3376.0
3376.0
3376.0
3376.0
3376.0
3376.0
3376.0
3376.0
3376.0
3376.0
3376.0
3376.0
3376.0
3376.0
3376.0
3376.0
3376.0
3376.0
3376.0
3376.0
3376.0
3376.0
3376.0
3376.0
3376.0
3376.0
3376.0
3376.0
3376.0
3376.0
3376.0
3376.0
3376.0
3376.0
3376.0
3376.0
3376.0
3376.0
3376.0
3376.0
3376.0
3376.0
3376.0
3376.0
3376.0
3376.0
3376.0
3376.0
3376.0
3376.0
3376.0
3376.0
3376.0
3376.0
3376.0
3376.0
3376.0
3376.0
3376.0
3376.0
3376.0
3376.0
3376.0
3376.0
3376.0
6768.0
3376.0
3376.0
3376.0
3376.0
3376.0
6768.0
3376.0
3376.0
3376.0
3376.0
3376.0
3376.0
3376.0
3376.0
3376.0
3376.0
3376.0
3376.0
3376.0
3376.0
3376.0
3376.0
3376.0
3376.0
3376.0
3376.0
3376.0
3376.0
3376.0
3376.0
3376.0
3376.0
3376.0
3376.0
3376.0
3376.0
3376.0
3376.0
3376.0
3376.0
3376.0
3376.0
3376.0
3376.0
3376.0
3376.0
3376.0
3376.0
3376.0
3376.0
3376.0
3376.0
3376.0
3376.0
3376.0
3376.0
3376.0
3376.0
3376.0
3376.0
3376.0
3376.0
3376.0
3376.0
3376.0
3376.0
3376.0
3376.0
3376.0
3376.0
3376.0
3376.0
3376.0
3376.0
3376.0
3376.0
3376.0
3376.0
3376.0
3376.0
3376.0
3376.0
3376.0
3376.0
3664.0
3664.0
3664.0
3664.0
3664.0
3664.0
3664.0
3664.0
3664.0
3664.0
3664.0
3664.0
3664.0
3664.0
3664.0
3664.0
3664.0
3664.0
3664.0
3664.0
3664.0
3664.0
3664.0
3664.0
3664.0
3664.0
3664.0
3664.0
3664.0
3664.0
3664.0
3664.0
3664.0
3664.0
3664.0
3664.0
3664.0
3664.0
3664.0
3664.0
3664.0
3664.0
3664.0
3664.0
3664.0
3664.0
3664.0
3664.0
3664.0
3664.0
3664.0
3664.0
3664.0
3664.0
3664.0
3664.0
3664.0
3664.0
3664.0
3664.0
3664.0
3664.0
3664.0
3664.0
3664.0
3664.0
3664.0
3664.0
3664.0
3664.0
3664.0
3664.0
3664.0
3664.0
3664.0
3664.0
3664.0
3664.0
3664.0
3664.0
3664.0
3664.0
3664.0
3664.0
3664.0
3664.0
3664.0
3664.0
3664.0
3664.0
3664.0
3664.0
3664.0
3664.0
3664.0
3664.0
3664.0
3664.0
3664.0
3664.0
3664.0
3664.0
3664.0
3664.0
3664.0
3664.0
3664.0
3664.0
3664.0
3664.0
3664.0
3664.0
3664.0
3664.0
3664.0
3664.0
3664.0
3664.0
3664.0
3664.0
3664.0
3664.0
3664.0
3664.0
3664.0
3664.0
3664.0
3664.0
3664.0
3664.0
3664.0
3664.0
3664.0
3664.0
3664.0
3664.0
3664.0
3664.0
3664.0
3664.0
3664.0
3664.0
3664.0
3664.0
7338.66666667
3664.0
3669.33333333
3664.0
3664.0
3664.0
7338.66666667
3664.0
3664.0
3664.0
3664.0
3664.0
3664.0
3664.0
3664.0
3664.0
3664.0
3664.0
3664.0
3664.0
3664.0
3664.0
3664.0
3664.0
3664.0
3664.0
3664.0
3664.0
3664.0
3664.0
3664.0
3664.0
3664.0
3664.0
3664.0
3664.0
3664.0
3664.0
3664.0
3664.0
3664.0
3664.0
3664.0
3664.0
3664.0
3664.0
3664.0
3664.0
3664.0
3664.0
3664.0
3664.0
3664.0
3664.0
3664.0
3664.0
3664.0
3664.0
3664.0
3664.0
3664.0
3664.0
3664.0
3664.0
3664.0
3664.0
3664.0
3664.0
3664.0
3664.0
3664.0
3664.0
3664.0
3664.0
3664.0
3664.0
3664.0
3664.0
3664.0
3664.0
3664.0
3664.0
3664.0
3664.0
3664.0
3664.0
3664.0
3664.0
3664.0
3664.0
3664.0
3664.0
3664.0
3664.0
3664.0
3664.0
3664.0
3664.0
3664.0
3664.0
3664.0
3664.0
3664.0
3664.0
3664.0
3664.0
3664.0
3664.0
3664.0
3664.0
3664.0
3664.0
3664.0
3664.0
3664.0
3664.0
3664.0
3664.0
3664.0
3664.0
3664.0
3664.0
3664.0
3664.0
3664.0
3664.0
3664.0
3664.0
3664.0
3664.0
3664.0
3664.0
3664.0
3664.0
3664.0
3664.0
3664.0
3664.0
7344.0
4000.0
4000.0
4000.0
4000.0
4000.0
4000.0
4000.0
4000.0
4000.0
4000.0
4000.0
4000.0
4000.0
4000.0
4000.0
4000.0
4000.0
4000.0
4000.0
4000.0
4000.0
4000.0
4000.0
4000.0
4000.0
4000.0
4000.0
4000.0
4000.0
4000.0
4000.0
4000.0
4000.0
4000.0
4000.0
4000.0
4000.0
4000.0
4000.0
4000.0
4000.0
4000.0
4000.0
4000.0
4000.0
4000.0
4000.0
4000.0
4000.0
4000.0
4000.0
4000.0
4000.0
4000.0
4000.0
4000.0
4000.0
4000.0
4000.0
4000.0
4000.0
4000.0
4000.0
4000.0
4000.0
4000.0
4000.0
4000.0
4000.0
4000.0
4000.0
4000.0
4000.0
4000.0
4000.0
4000.0
4000.0
4000.0
4000.0
4000.0
4000.0
4000.0
4000.0
4000.0
4000.0
4000.0
4000.0
4000.0
4000.0
4000.0
4000.0
4000.0
4000.0
4000.0
4000.0
4000.0
4000.0
4000.0
4000.0
4000.0
4000.0
4000.0
4000.0
4000.0
4000.0
4000.0
4000.0
4000.0
4000.0
4000.0
4000.0
4000.0
4000.0
4000.0
4000.0
4000.0
4000.0
4000.0
4000.0
4000.0
4000.0
4000.0
4000.0
4000.0
4000.0
4000.0
4000.0
4000.0
4000.0
4000.0
4000.0
4000.0
4000.0
4000.0
4000.0
4000.0
4000.0
8008.53333333
4000.0
4000.0
4000.0
4000.0
4000.0
4000.0
4000.0
4000.0
4000.0
4000.0
4000.0
4000.0
4000.0
8008.53333333
4000.0
4000.0
4000.0
4000.0
4000.0
4000.0
4000.0
4000.0
4000.0
4000.0
4000.0
4000.0
4000.0
4000.0
4000.0
4000.0
4000.0
4000.0
4000.0
4000.0
4000.0
4000.0
4000.0
4000.0
4000.0
4000.0
4000.0
4000.0
4000.0
4000.0
4000.0
4000.0
4000.0
4000.0
4000.0
4000.0
4000.0
4000.0
4000.0
4000.0
4000.0
4000.0
4000.0
4000.0
4000.0
4000.0
4000.0
4000.0
4000.0
4000.0
4000.0
4000.0
4000.0
4000.0
4000.0
4000.0
4000.0
4000.0
4000.0
4000.0
4000.0
4000.0
4000.0
4000.0
4000.0
4000.0
4000.0
4000.0
4000.0
4000.0
4000.0
4000.0
4000.0
4000.0
4000.0
4000.0
4000.0
4000.0
4000.0
4000.0
4000.0
4000.0
4000.0
4000.0
4000.0
4000.0
4000.0
4000.0
4000.0
4000.0
4000.0
4000.0
4000.0
4000.0
4000.0
4000.0
4000.0
4000.0
4000.0
4000.0
4000.0
4000.0
4000.0
4000.0
4000.0
4002.13333333
4000.0
4000.0
4000.0
4000.0
4000.0
4000.0
4000.0
4000.0
4000.0
4000.0
4000.0
4000.0
4000.0
4000.0
4000.0
4000.0
4000.0
4000.0
4000.0
4000.0
4000.0
4000.0
4000.0
4000.0
4000.0
4000.0
4000.0
4000.0
4000.0
4000.0
4000.0
4000.0
4000.0
4000.0
4000.0
4000.0
4000.0
4000.0
4000.0
4000.0
4000.0
4000.0
4000.0
8008.53333333
4000.0
4000.0
4000.0
4000.0
4000.0
4000.0
4000.0
4000.0
4000.0
4000.0
4000.0
4000.0
4000.0
4000.0
4000.0
4000.0
4000.0
4000.0
4000.0
4000.0
4000.0
4000.0
4000.0
4000.0
4000.0
4000.0
4000.0
4000.0
4000.0
4000.0
4000.0
4000.0
4400.0
4400.0
4400.0
4400.0
4400.0
4400.0
4400.0
4400.0
4400.0
4400.0
4400.0
4400.0
4400.0
4400.0
4400.0
4400.0
4400.0
4400.0
4400.0
4400.0
4400.0
4400.0
4400.0
4400.0
4400.0
4400.0
4400.0
4400.0
4400.0
4400.0
4400.0
4400.0
4400.0
4400.0
4400.0
4400.0
4400.0
4400.0
4400.0
4400.0
4400.0
4400.0
4400.0
4400.0
4400.0
4400.0
4400.0
4400.0
4400.0
4400.0
4400.0
4400.0
4400.0
4400.0
4400.0
4400.0
4400.0
4400.0
4400.0
4400.0
4400.0
4400.0
4400.0
4400.0
4400.0
4400.0
4400.0
4400.0
4400.0
4400.0
4400.0
4400.0
4400.0
4400.0
4400.0
4400.0
4400.0
4400.0
4400.0
4400.0
4400.0
4400.0
4400.0
4400.0
4400.0
4400.0
4400.0
4400.0
4400.0
4400.0
4400.0
8809.6
4400.0
4400.0
4400.0
4400.0
4400.0
4400.0
4400.0
4400.0
4400.0
4400.0
4400.0
4400.0
4400.0
4400.0
4400.0
4400.0
4400.0
4400.0
4400.0
4400.0
4400.0
4400.0
4400.0
4400.0
4400.0
4400.0
4400.0
4400.0
4400.0
4400.0
4400.0
4400.0
4400.0
4400.0
4400.0
4400.0
4400.0
4403.2
4400.0
4400.0
4400.0
4400.0
4400.0
4400.0
4400.0
4400.0
4400.0
4400.0
4400.0
4400.0
4400.0
4400.0
4400.0
4400.0
4400.0
8809.6
4400.0
4400.0
4400.0
4400.0
4400.0
4400.0
4400.0
4400.0
4400.0
4400.0
4400.0
4400.0
4400.0
4400.0
4400.0
4400.0
4400.0
4400.0
4400.0
4400.0
4400.0
4400.0
4400.0
4400.0
4400.0
4400.0
4400.0
4400.0
4400.0
4400.0
4400.0
4400.0
4400.0
4400.0
4400.0
4400.0
4400.0
4400.0
4400.0
4400.0
4400.0
4400.0
4400.0
4400.0
4400.0
4400.0
4400.0
4400.0
4400.0
4400.0
4400.0
4400.0
4400.0
4400.0
4400.0
4400.0
4400.0
4400.0
4400.0
4400.0
4400.0
4400.0
4400.0
4400.0
4400.0
4400.0
4400.0
4400.0
4400.0
4400.0
4400.0
4400.0
4400.0
4400.0
4400.0
4400.0
4400.0
4400.0
4400.0
4400.0
4400.0
4400.0
4400.0
4400.0
4400.0
4400.0
4400.0
4400.0
4400.0
4400.0
4400.0
4400.0
4400.0
4400.0
4400.0
4400.0
4400.0
4400.0
4400.0
4400.0
4400.0
4400.0
4400.0
4400.0
4400.0
4400.0
4400.0
4400.0
4400.0
4400.0
4400.0
4400.0
4400.0
4400.0
4400.0
4400.0
4400.0
4400.0
4400.0
4400.0
4400.0
4400.0
4400.0
4400.0
4400.0
4400.0
4400.0
4400.0
4400.0
4400.0
4400.0
4400.0
4400.0
4400.0
4400.0
4400.0
4400.0
4400.0
4400.0
4400.0
4400.0
4400.0
4400.0
4400.0
4400.0
4400.0
4400.0
4400.0
4400.0
4400.0
4400.0
4400.0
4400.0
4400.0
4400.0
4400.0
4400.0
4400.0
4400.0
4400.0
4400.0
4400.0
4400.0
4400.0
4400.0
4400.0
4400.0
4400.0
4400.0
4400.0
4400.0
4400.0
4400.0
4400.0
4400.0
4400.0
4400.0
4400.0
4400.0
4400.0
4400.0
4400.0
4400.0
4400.0
4400.0
4400.0
4400.0
4400.0
4400.0
4400.0
4400.0
4400.0
4400.0
4400.0
4400.0
4400.0
4400.0
4400.0
4400.0
4400.0
4400.0
4400.0
4400.0
4400.0
4400.0
4400.0
4400.0
4400.0
4400.0
4400.0
4400.0
4400.0
4400.0
4400.0
4400.0
4400.0
4400.0
4400.0
4400.0
4400.0
4400.0
4400.0
4400.0
4400.0
4400.0
4400.0
4400.0
4400.0
4400.0
4400.0
4400.0
4400.0
4400.0
4400.0
4400.0
4400.0
4400.0
4400.0
4400.0
4400.0
4400.0
4400.0
4400.0
4400.0
4400.0
4400.0
8809.6
4400.0
4400.0
4400.0
4400.0
4400.0
4400.0
4896.0
4896.0
4896.0
4896.0
4896.0
4896.0
4896.0
4896.0
4896.0
4896.0
4896.0
4896.0
4896.0
4896.0
4896.0
4896.0
4896.0
4896.0
4896.0
4896.0
4896.0
4896.0
4896.0
4896.0
4896.0
4896.0
4896.0
4896.0
4896.0
4896.0
4896.0
4896.0
4896.0
4896.0
4896.0
4896.0
4896.0
4896.0
4896.0
4896.0
4896.0
4896.0
4896.0
4896.0
4896.0
4896.0
4896.0
4896.0
4896.0
4896.0
4896.0
4896.0
4896.0
4896.0
4896.0
4896.0
4896.0
4896.0
4896.0
4896.0
4896.0
4896.0
4896.0
4896.0
4896.0
4896.0
4896.0
4896.0
4896.0
4896.0
4896.0
4896.0
4896.0
4896.0
4896.0
4896.0
4896.0
4896.0
4896.0
4896.0
4896.0
4896.0
4896.0
4896.0
4896.0
4896.0
4896.0
4896.0
4896.0
4896.0
4896.0
4896.0
4896.0
4896.0
4896.0
4896.0
4896.0
4896.0
4896.0
4896.0
4896.0
4896.0
4896.0
4896.0
4896.0
4896.0
4896.0
4896.0
4896.0
4896.0
4896.0
4896.0
4896.0
4896.0
4896.0
4896.0
4896.0
4896.0
4896.0
4896.0
4896.0
4896.0
4896.0
4896.0
4896.0
4896.0
4896.0
4896.0
4896.0
4896.0
4896.0
4896.0
4896.0
4896.0
4896.0
4896.0
4896.0
4896.0
4896.0
4896.0
4896.0
4896.0
4896.0
4896.0
4896.0
4896.0
4896.0
4896.0
4896.0
4896.0
4896.0
4896.0
4896.0
4896.0
4896.0
4896.0
4896.0
4896.0
4896.0
4896.0
4896.0
4896.0
4896.0
4896.0
4896.0
4896.0
4896.0
4896.0
4896.0
4896.0
4896.0
4896.0
4896.0
4896.0
4896.0
4896.0
4896.0
4896.0
4896.0
4896.0
4896.0
4896.0
4896.0
4896.0
4896.0
4896.0
4896.0
4896.0
4896.0
4896.0
4896.0
4896.0
4896.0
4896.0
4896.0
4896.0
4896.0
4896.0
4896.0
4896.0
4896.0
4896.0
4896.0
4896.0
4896.0
4896.0
4896.0
4896.0
4896.0
4896.0
4896.0
4896.0
4896.0
4896.0
4896.0
4896.0
4896.0
4896.0
4896.0
4896.0
4896.0
4896.0
4896.0
4896.0
4896.0
4896.0
4896.0
4896.0
4896.0
4896.0
4896.0
4896.0
4896.0
4896.0
4896.0
4896.0
4896.0
4896.0
4896.0
4896.0
4896.0
4896.0
4896.0
4896.0
4896.0
4896.0
4896.0
4896.0
4896.0
4896.0
4896.0
4896.0
4896.0
4896.0
4896.0
4896.0
4896.0
4896.0
4896.0
4896.0
4896.0
4896.0
4896.0
4896.0
4896.0
4896.0
4896.0
4896.0
4896.0
4896.0
4896.0
4896.0
4896.0
4896.0
4896.0
4896.0
4896.0
4896.0
4896.0
4896.0
4896.0
4896.0
4896.0
4896.0
4896.0
4896.0
4896.0
4896.0
4896.0
4896.0
4896.0
4896.0
4896.0
4896.0
4896.0
4896.0
4896.0
4896.0
4896.0
4896.0
4896.0
4896.0
4896.0
4896.0
4896.0
4896.0
4896.0
4896.0
4896.0
4896.0
4896.0
4896.0
4896.0
9792.0
9792.0
4896.0
4896.0
4896.0
4896.0
4896.0
4896.0
4896.0
4896.0
4896.0
4896.0
4896.0
4896.0
4896.0
4896.0
4896.0
4896.0
4896.0
4896.0
4896.0
4896.0
4896.0
4896.0
4896.0
4896.0
4896.0
4896.0
4896.0
4896.0
4896.0
4896.0
4896.0
4896.0
4896.0
4896.0
4896.0
4896.0
4896.0
4896.0
4896.0
4896.0
4896.0
4896.0
4896.0
4896.0
4896.0
4896.0
4896.0
4896.0
4896.0
4896.0
4896.0
4896.0
4896.0
4896.0
4896.0
4896.0
4896.0
4896.0
4896.0
4896.0
4896.0
4896.0
4896.0
4896.0
4896.0
4896.0
4896.0
4896.0
4896.0
4896.0
4896.0
4896.0
4896.0
4896.0
4896.0
4896.0
4896.0
4896.0
4896.0
4896.0
4896.0
4896.0
4896.0
4896.0
4896.0
4896.0
4896.0
4896.0
4896.0
4896.0
4896.0
4896.0
4896.0
4896.0
4896.0
4896.0
4896.0
4896.0
4896.0
4896.0
4896.0
4896.0
4896.0
4896.0
4896.0
4896.0
4896.0
4896.0
4896.0
4896.0
4896.0
4896.0
4896.0
4896.0
4896.0
4896.0
4896.0
4896.0
4896.0
4896.0
4896.0
4896.0
4896.0
4896.0
4896.0
4896.0
4896.0
4896.0
4896.0
4896.0
4896.0
4896.0
4896.0
4896.0
4896.0
4896.0
4896.0
4896.0
4896.0
4896.0
4896.0
4896.0
4896.0
4896.0
4896.0
4896.0
4896.0
4896.0
4896.0
4896.0
4896.0
4896.0
4896.0
4896.0
4896.0
4896.0
4896.0
4896.0
4896.0
4896.0
4896.0
4896.0
4896.0
4896.0
4896.0
4896.0
4896.0
4896.0
4896.0
4896.0
4896.0
4896.0
4896.0
4896.0
4896.0
5504.0
5504.0
5504.0
5504.0
5504.0
5504.0
5504.0
5504.0
5504.0
5504.0
5504.0
5504.0
5504.0
5504.0
5504.0
5504.0
5504.0
5504.0
5504.0
5504.0
5504.0
5504.0
5504.0
5504.0
5504.0
5504.0
5504.0
5504.0
5504.0
5504.0
5504.0
5504.0
5504.0
5504.0
5504.0
5504.0
5504.0
5504.0
5504.0
5504.0
5504.0
5504.0
5504.0
5504.0
5504.0
5504.0
5504.0
5504.0
5504.0
5504.0
5504.0
5504.0
5504.0
5504.0
5504.0
5504.0
5504.0
5504.0
5504.0
5504.0
5504.0
5504.0
5504.0
5504.0
5504.0
5504.0
5504.0
5504.0
5504.0
5504.0
5504.0
5504.0
5504.0
5504.0
5504.0
5504.0
5504.0
5504.0
5504.0
5504.0
5504.0
5504.0
5504.0
5504.0
5504.0
5504.0
5504.0
5504.0
5504.0
5504.0
5504.0
5504.0
5504.0
5504.0
5504.0
5504.0
5504.0
5504.0
5504.0
